model_id,original_style,style_target,retrieval_method,alpha,original_message,paraphrased_message,is_human_eval
google/gemma-3-4b-it,formal,informal,centroid,N/A,yang lebih cepat dari gundala itu munculnya tukang parkir indomaret secara tiba - tiba .,"""cepatnya tukang parkir indomaret munculnya tiba-tiba kayak gitu.""",True
google/gemma-3-4b-it,formal,informal,centroid,N/A,xxxnumberxxx ribu ikhlaskan saja kak hehe . mumpung lagi hari jumat . kasihan nanti drivernya terkena peringatan . mungkin drivernya mengira itu uang tip . hehe .,"min, nomor xxxnumberxxx tuh, kok tiba2 muncul transaksi ilang? hehe, mendingan ikhlas aja kak, udah jumat nanti drivernya juga males ngurus. kasihan dia mikir itu tip, hehe.",True
google/gemma-3-4b-it,formal,informal,centroid,N/A,sekembalinya ke rumah serasa masuk gua lagi . sinyal hilang - hilangan .,"“pulsa hilang pasalnya udah di rumah , sinyalnya gak masuk-masuk.”",True
google/gemma-3-4b-it,formal,informal,centroid,N/A,"admin , undang jadi start seller dong . syarat - syarat sudah terkumpul . hahaha .","min, undang aku jadi start seller dong yaa. syaratnya udah kelar kok, hahaha.",True
google/gemma-3-4b-it,formal,informal,centroid,N/A,saya sudah dm kak . mohon segera ditangani .,"min, udah dm kak, tolong segera ditangani ya.",True
google/gemma-3-4b-it,formal,informal,centroid,N/A,yang pasti lebih cepat ant - man dan spiderman . maksudnya lebih cepat tayang di bioskop hahaha .,"“min , ada film ant man dan spiderman yang paling cepat tayang di bioskop gak ya hahaha ?”",True
google/gemma-3-4b-it,formal,informal,centroid,N/A,saya sudah menghubungi pusat panggilan xxxnumberxxx untuk menaikan batas dan menanyakan data saya . dan itu benar . mengapa data di admin twitter berbeda ?,"min, nomor xxxnumberxxx tuh, udah coba hubungin pusat panggilan buat naikin batas sama nanya data, bener kok. tapi kok data di twitter beda ya?",True
google/gemma-3-4b-it,formal,informal,centroid,N/A,"terima kasih , paten sekali telkomsel xxxnumberxxx gb xxxnumberxxx rupiah .","“makasih Telkomsel xxxnumberxxx udah transfer duit xxxnumberxxx rupiah , keren banget!”",True
google/gemma-3-4b-it,formal,informal,centroid,N/A,berapa lama untuk verifikasi go - pay ? sudah xxxnumberxxx hari kak .,"min, berapa lama ya buat verifikasi GoPay? udah xxxnumberxxx hari nih, kak.",True
google/gemma-3-4b-it,formal,informal,centroid,N/A,"admin . negara mana saja mitra bank mandiri ? soalnya , mau ke luar negeri .","Min, negara mana aja bank mandiri punya mitra, soalnya mau ke luar negeri nih?",True
google/gemma-3-4b-it,formal,informal,centroid,N/A,"masih belum ada rezekinya hari ini , semoga dalam xxxnumberxxx kesempatan ke depan bisa beruntung dapat hadiah yang diharapkan .","min, rezeki hari ini blom dateng, semoga di kesempatan berikutnya bisa dapat hadiah ya xxxnumberxxx",True
google/gemma-3-4b-it,formal,informal,centroid,N/A,"saya kirim uang , mengapa tidak masuk ? padahal status berhasil dan saldo saya terpotong .","min , kok duit yang gue kirim gak masuk ya? padahal udah kebayar dan saldo gue minus gitu.",True
google/gemma-3-4b-it,formal,informal,centroid,N/A,"mau tanya xxxuserxxx , apa benar ovo sedang mengalami masalah ? saya top up via xxxuserxxx sore tadi sampai sekarang xxxnumberxxx belum masuk juga .","min, nomor xxxuserxxx ovo lagi bermasalah ya? tadi siang top up via xxxuserxxx, sampai skrg blum masuk juga ke xxxnumberxxx.",True
google/gemma-3-4b-it,formal,informal,centroid,N/A,"ada masalah apa di poris ? ping , packet loss , kecepatan tidak jelas semua . mohon direspon .","min , ada masalah apa di poris ? ping , packet loss , kecepatan gak jelas semua . tolong direspon dong",True
google/gemma-3-4b-it,formal,informal,centroid,N/A,"admin xxxuserxxx , mengapa saya tiba - tiba langganan rbt ? terus tidak bisa dibatalkan registrasi . setiap bulan pulsa kepotong terus . cara membatalkan registrasi bagaimana ?","min, kenapa aku tiba-tiba langganan rbt ya? gak bisa dibatalkan registrasinya. terus pulsa kepotong tiap bulan, cara batalkannya gimana sih?",True
google/gemma-3-4b-it,formal,informal,centroid,N/A,kenapa voucher xxxnumberxxx ribu gofood sekarang kalau deket malah tetap bayar ? dan juga dapatnya hanya xxxnumberxxx ribu bukan xxxnumberxxx ribu . padahal dulu ongkos kirim gratis .,"Min, kenapa voucher xxxnumberxxx ribu GoFoodnya kalau deket malah tetap bayar? Trus, dapatnya juga cuma xxxnumberxxx ribu, bukan xxxnumberxxx ribu. Padahal dulu ongkirnya gratis.",True
google/gemma-3-4b-it,formal,informal,centroid,N/A,gimana dana ? akun saya sudah hampir sebulan tidak pulih - pulih . berpuluh - puluh spin zonk semua selama sebulan ini .,"min, dana saya kok lama banget nggak beres ya? akun saya udah sebulan zonk semua, nggak pernah pulih-pulih.",True
google/gemma-3-4b-it,formal,informal,centroid,N/A,mengapa ? sedang demo ? kasihan temanku menunggu hingga ketiduran hahaha .,"min, kenapa ya? lagi demo gitu? kasihan temenku nungguin sampe tidur hahaha.",True
google/gemma-3-4b-it,formal,informal,centroid,N/A,"saya mau upgrade full service , ternyata harus ke booth ovo , sedangkan disekitar jarawang tidak ada ,","min , upgrade full service nih , susah banget ya harus ke ovo , di sekitaran tempatku gak ada cabang",True
google/gemma-3-4b-it,formal,informal,centroid,N/A,"sinyal penuh xxxnumberxxx g , tapi lambat sekali ini . ah ah ah .","min, sinyal xxxxnumberxxx kok nggak sih? udah lama banget lambatnya.",True
google/gemma-3-4b-it,formal,informal,centroid,N/A,lambat sekali . xxxnumberxxx g rasa xxxnumberxxx g . mohon diperbaiki jaringannya . mengadu ke customer service hanya kasih saran yang itu - itu saja .,"min, jaringan xxxnumberxxx lama banget ya? mohon diperbaiki dong, customer service gak jelas sih.",True
google/gemma-3-4b-it,formal,informal,centroid,N/A,ada saja perilaku warga indonesia hahaha .,"min, warga indo tuh emang gitu hahaha",True
google/gemma-3-4b-it,formal,informal,centroid,N/A,"ada apa dengan kurir pos ? sampai saat ini belum juga terbaharui ongkos kirimnya . padahal sejak tanggal xxxdatexxx , sudah berlaku tarif baru .","min, ongkos kirim nomor xxxdatexxx tuh kok belum update ya? udah berlaku tarif baru dari tanggal itu, kok belum berubah?",True
google/gemma-3-4b-it,formal,informal,centroid,N/A,kecewa berat dengan jaringan xxxuserxxx xxxuserxxx xxxuserxxx . setiap malam jaringannya tidak stabil .,"min , jaringan xxxuserxxx xxxuserxxx xxxuserxxx tuh knp ya lama banget sering mati pas mlm , kesel banget dah",True
google/gemma-3-4b-it,formal,informal,centroid,N/A,butut . koneksi mahal hanya kuat dipakai whatsapp saja .,"min, koneksi whatsapp aja ya buat yang nomor xxxnumberxxx, soalnya mahal banget buat internet.",True
google/gemma-3-4b-it,formal,informal,centroid,N/A,hai admin . paket saya mengapa tidak sampai - sampai ? mestinya xxxnumberxxx hari yang lalu sudah sampai .,"min, paket saya kok gak smpai-smpi ya? hrsnya nomor xxxnumberxxx kmaren dah smpai, ada apa ya?",True
google/gemma-3-4b-it,formal,informal,centroid,N/A,"tadi ke bank xxxuserxxx . terus , tidak ada apa - apa . justru dipaksa buka tabungan anak sekolah .","""tadi ke bank xxxuserxxx , terus tiba-tiba dipaksa buka tabungan anak sekolah , kok aneh banget.""",True
google/gemma-3-4b-it,formal,informal,centroid,N/A,akun saya ditangguhkan karena saya cancel terus . padahal saya sedang buru - buru dan dapatnya pengemudi ganjil terus di hari yang genap . mohon dm saya .,"min, akun gue ditangguhkan terus, padahal gue cancel. udah buru-buru, terus pengemudi ganjil tiap hari genap. tolong dm dong.",True
google/gemma-3-4b-it,formal,informal,centroid,N/A,mohon dicek . mengapa sering limited access ? terhubung tapi tidak ada internet dan tidak ada pemberitahuan fup harian .,"min, kenapa sering limited access ya? terhubung tp gak ada internet, gak ada notif fup juga.",True
google/gemma-3-4b-it,formal,informal,centroid,N/A,kita balas - membalas pesan otomatis masuk notification - nya markonah .,"notifikasi masuk otomatis ya, balas - balasnya?",True
google/gemma-3-4b-it,formal,informal,centroid,N/A,tolong segera dikirim ya kak .,"min, tolong kirim dong nomor xxxnumberxxx nya, makasih!",True
google/gemma-3-4b-it,formal,informal,centroid,N/A,tolong balas dm segera ya admin .,"min, tolong balas dm segera ya admin.",True
google/gemma-3-4b-it,formal,informal,centroid,N/A,bagaimana caranya menghapus akun gojek ? terimakasih .,"min, mau tanya gimana cara hapus akun gojek ya? thanks",True
google/gemma-3-4b-it,formal,informal,centroid,N/A,sangat kesal membaca thread penipuan gojek . alhamdulillah untungnya aku masih sadar dan waras saat itu jadi tidak mudah tertipu .,"min, aku kesel banget baca thread penipuan gojek. alhamdulillah untungnya aku masih bisa mikir jelas, jadi gak gampang kena tipu.",True
google/gemma-3-4b-it,formal,informal,centroid,N/A,alhamdulillah . rezeki anak kost ya deww .,"""alhamdulillah, rezeki buat anak kost nih.""",True
google/gemma-3-4b-it,formal,informal,centroid,N/A,"hai admin , bisa bertanya tentang bni autopay ?","min, mau tanya soal bni autopay dong",True
google/gemma-3-4b-it,formal,informal,centroid,N/A,iya sudah selesai min . paketnya ditaruh disamping halaman rumah saya sama kurirnya .,"""iya, udah kelar tuh min. paketnya udah dipasang samping rumah saya sama kurirnya.""",True
google/gemma-3-4b-it,formal,informal,centroid,N/A,kenapa saya mau login tidak masuk - masuk passcodenya ?,"min , kenapa pas login gak masuk passcodenya?",True
google/gemma-3-4b-it,formal,informal,centroid,N/A,"hai xxxuserxxx . apakah sinyal xxxnumberxxx g - nya sedang ada gangguan ? mengapa saya kesulitan akses internet saya di rawamangun , jakarta timur . infonya","min, sinyal xxxnumberxxx g-nya ada gangguan gak ya? kok internet di Rawamangun, Jakarta Timur susah banget?",True
google/gemma-3-4b-it,formal,informal,centroid,N/A,terima kasih xxxuserxxx . karena sudah diberikan voucher potongan pulsa xxxpercentxxx .,"min , thanks bgt udah dapet voucher potongan pulsa xxxpercentxxx 🙏",True
